EC Coach-1

| 01 02 || 03 04|
| 05 06 || 07 08|
| 09 10 || 11 12|
| 13 14 || 15 16|
| 17 18 || 19 20|
| 21 22 || 23 24|
| 25 26 || 27 28|
| 29 30 || 31 32|
| 33 34 || 35 36|
| 37 38 || 39 40|
| 41 42 || 43 44|
|       ||    45|


EC Coach-2

| 04 03 || 02 01|
| 08 07 || 06 05|
| 12 11 || 10 09|
| 16 15 || 14 13|
| 20 19 || 18 17|
| 24 23 || 22 21|
| 28 27 || 26 25|
| 32 31 || 30 29|
| 36 35 || 34 33|
| 40 39 || 38 37|
| 44 43 || 42 41|
| 45    ||      |


AC Coach-1

| 01 02 || 03 04 05|
| 06 07 || 08 09 10|
| 11 12 || 13 14 15|
| 16 17 || 18 19 20|
| 21 22 || 23 24 25|
| 26 27 || 28 29 30|
| 31 32 || 33 34 35|
| 36 37 || 38 39 40|
| 41 42 || 43 44 45|
| 46 47 || 48 49 50|
| 51 52 || 53 54 55|
| 56 57 || 58 59 60|


AC Coach-2

| 01 02 03 || 04 05|
| 06 07 08 || 09 10|
| 11 12 13 || 14 15|
| 16 17 18 || 19 20|
| 21 22 23 || 24 25|
| 26 27 28 || 29 30|
| 31 32 33 || 34 35|
| 36 37 38 || 39 40|
| 41 42 43 || 44 45|
| 46 47 48 || 49 50|
| 51 52 53 || 54 55|
| 56 57 58 || 59 60|


AC Coach-3

| 05 04 || 03 02 01|
| 10 09 || 08 07 06|
| 15 14 || 13 12 11|
| 20 19 || 18 17 16|
| 25 24 || 23 22 21|
| 30 29 || 28 27 26|
| 35 34 || 33 32 31|
| 40 39 || 38 37 36|
| 45 44 || 43 42 41|
| 50 49 || 48 47 46|
| 55 54 || 53 52 51|
| 60 59 || 58 57 56|


AC Coach-4

| 05 04 03 || 02 01|
| 10 09 08 || 07 06|
| 15 14 13 || 12 11|
| 20 19 18 || 17 16|
| 25 24 23 || 22 21|
| 30 29 28 || 27 26|
| 35 34 33 || 32 31|
| 40 39 38 || 37 36|
| 45 44 43 || 42 41|
| 50 49 48 || 47 46|
| 55 54 53 || 52 51|
| 60 59 58 || 57 66|


AC Coach-5

| 01 02 || 03 04 05|
| 06 07 || 08 09 10|
| 11 12 || 13 14 15|
| 16 17 || 18 19 20|
| 21 22 || 23 24 25|
| 26 27 || 28 29 30|
| 31 32 || 33 34 35|
| 36 37 || 38 39 40|
| 41 42 || 43 44 45|
| 46 47 || 48 49 50|
| 51 52 || 53 54 55|
| 56 57 || 58 59 60|


CC Coach-1

| 001 002 003 || 004 005 006|
| 012 011 010 || 009 008 007|
| 013 014 015 || 016 017 018|
| 024 023 022 || 021 020 019|
| 025 026 027 || 028 029 030|
| 036 035 034 || 033 032 031|
| 037 038 039 || 040 041 042|
| 048 047 046 || 045 044 043|
| 049 050 051 || 052 053 054|
| 060 059 058 || 057 056 055|
| 061 062 063 || 064 065 066|
| 072 071 070 || 069 068 067|
| 073 074 075 || 076 077 078|
| 084 083 082 || 081 080 079|
| 085 086 087 || 088 089 090|
| 096 095 094 || 093 092 091|
| 097 098 099 || 100 101 102|
| 108 107 106 || 105 104 103|
| 109 110 111 || 112 113 114|
| 120 119 118 || 117 116 115|


CC Coach-2

| 004 005 006 || 001 002 003|
| 007 008 009 || 010 011 012|
| 018 017 016 || 015 014 013|
| 019 020 021 || 022 023 024|
| 030 029 028 || 027 026 025|
| 031 032 033 || 034 035 036|
| 042 041 040 || 039 038 037|
| 043 044 045 || 046 047 048|
| 054 053 052 || 051 050 049|
| 055 056 057 || 058 059 060|
| 066 065 064 || 063 062 061|
| 067 068 069 || 070 071 072|
| 078 077 076 || 075 074 073|
| 079 080 081 || 082 083 084|
| 090 089 088 || 087 086 085|
| 091 092 093 || 094 095 096|
| 102 101 100 || 099 098 097|
| 103 104 105 || 106 107 108|
| 114 113 112 || 111 110 109|
| 115 116 117 || 118 119 120|


CC Coach-3

| 001 002 003 | | 007 008 009 |
| 004 005 006 | | 010 011 012 |
| 013 014 015 | | 016 017 018 |
| 019 020 021 | | 022 023 024 |
| 025 026 027 | | 028 029 030 |
| 031 032 033 | | 034 035 036 |
| 037 038 039 | | 040 041 042 |
| 043 044 045 | | 046 047 048 |
| 049 050 051 | | 052 053 054 |
| 055 056 057 | | 058 059 060 |
| 061 062 063 | | 064 065 066 |
| 067 068 069 | | 070 071 072 |
| 073 074 075 | | 076 077 078 |
| 079 080 081 | | 082 083 084 |
| 085 086 087 | | 088 089 090 |
| 091 092 093 | | 094 095 096 |
| 097 098 099 | | 100 101 102 |
| 103 104 105 | | 106 107 108 |
| 109 110 111 | | 112 113 114 |
| 115 116 117 | | 118 119 120 |


CC Coach-4

| 009 008 007 | | 006 005 004 |
| 012 011 010 | | 003 002 001 |
| 015 014 013 | | 018 017 016 |
| 021 020 019 | | 024 023 022 |
| 027 026 025 | | 030 029 028 |
| 033 032 031 | | 036 035 034 |
| 039 038 037 | | 042 041 040 |
| 045 044 043 | | 048 047 046 |
| 051 050 049 | | 054 053 052 |
| 057 056 055 | | 060 059 058 |
| 063 062 061 | | 066 065 064 |
| 069 068 067 | | 072 071 070 |
| 075 074 073 | | 078 077 076 |
| 081 080 079 | | 084 083 082 |
| 087 086 085 | | 090 089 088 |
| 093 092 091 | | 096 095 094 |
| 099 098 097 | | 102 101 100 |
| 105 104 103 | | 108 107 106 |
| 111 110 109 | | 114 113 112 |
| 117 116 115 | | 120 119 118 |


CC Coach-5

| 001 003 005 | | 007 009 011 |
| 002 004 006 | | 008 010 012 |
| 013 015 017 | | 019 021 023 |
| 014 016 018 | | 020 022 024 |
| 025 027 029 | | 031 033 035 |
| 026 028 030 | | 032 034 036 |
| 037 039 041 | | 043 045 047 |
| 038 040 042 | | 044 046 048 |
| 049 051 053 | | 055 057 059 |
| 050 052 054 | | 056 058 060 |
| 061 063 065 | | 067 069 071 |
| 062 064 066 | | 068 070 072 |
| 073 075 077 | | 079 081 083 |
| 074 076 078 | | 080 082 084 |
| 085 087 089 | | 091 093 095 |
| 086 088 090 | | 092 094 096 |
| 097 099 101 | | 103 105 107 |
| 098 100 102 | | 104 106 108 |
| 109 111 113 | | 115 117 119 |
| 110 112 114 | | 116 118 120 |


CC Coach-6

| 011 009 007 | | 005 003 001 |
| 012 010 008 | | 006 004 002 |
| 021 019 017 | | 015 013 014 |
| 022 020 018 | | 016 023 024 |
| 033 031 029 | | 027 025 026 |
| 034 032 030 | | 028 035 036 |
| 045 043 041 | | 039 037 038 |
| 046 044 042 | | 040 047 048 |
| 057 055 053 | | 051 049 050 |
| 058 056 054 | | 052 059 060 |
| 069 067 065 | | 063 061 062 |
| 070 068 066 | | 064 071 072 |
| 081 079 077 | | 075 073 074 |
| 082 080 078 | | 076 083 084 |
| 093 091 089 | | 087 085 086 |
| 094 092 090 | | 088 095 096 |
| 105 103 101 | | 099 097 098 |
| 106 104 102 | | 100 107 108 |
| 117 115 113 | | 111 109 110 |
| 118 116 114 | | 112 119 120 |


CC Coach-7

| 001 002 003 | | 004 005 006 |
| 007 008 009 | | 010 011 012 |
| 013 014 015 | | 016 017 018 |
| 019 020 021 | | 022 023 024 |
| 025 026 027 | | 028 029 030 |
| 031 032 033 | | 034 035 036 |
| 037 038 039 | | 040 041 042 |
| 043 044 045 | | 046 047 048 |
| 049 050 051 | | 052 053 054 |
| 055 056 057 | | 058 059 060 |
| 061 062 063 | | 064 065 066 |
| 067 068 069 | | 070 071 072 |
| 073 074 075 | | 076 077 078 |
| 079 080 081 | | 082 083 084 |
| 085 086 087 | | 088 089 090 |
| 091 092 093 | | 094 095 096 |
| 097 098 099 | | 100 101 102 |
| 103 104 105 | | 106 107 108 |
| 109 110 111 | | 112 113 114 |
| 115 116 117 | | 118 119 120 |

